chi2 | ndf | chi2_prob | W event yield     (total for period G2-I2)
41.820 25.000 1.879% 4.089
run_index | run | chi2 contribution from each run
0 165703 2.804
1 165732 3.612
2 165767 0.048
3 165815 0.175
4 165818 1.918
5 165821 0.003
6 165954 0.345
7 165956 1.739
8 166097 0.122
9 166142 2.089
10 166143 0.396
11 166198 2.686
12 166466 4.851
13 166658 2.080
14 166786 0.576
15 166850 1.317
16 166856 0.278
17 166924 0.090
18 166927 4.941
19 166964 5.275
20 167575 0.729
21 167576 0.000
22 167607 0.565
23 167661 0.993
24 167680 2.404
25 167776 1.780
Sanity check: sum of contributions = 41.820
