190689 1653006 1
189242 1653008 0
191426 1653009 0
191715 1653013 0
191517 1653015 1
190300 1653016 1
191426 1653017 1
189280 1653018 1
190689 1653020 1
189822 1653021 1
190933 1653023 0
191190 1653028 1
190046 1653029 1
188951 1653030 1
190046 1653032 1
191239 1653033 1
191920 1653034 0
190343 1653035 1
191190 1653036 1
189288 1653038 1
189280 1653043 0
190872 1653048 0
190872 1653049 0
189184 1653055 0
190300 1653057 0
190644 1653060 0
191920 1653066 0
190618 1653068 0
189483 1653069 0
189719 1653074 0
191190 1653075 0
191139 1653076 0
191190 1653077 0
191428 1653083 0
191149 1653084 0
191920 1653085 0
191150 1653090 0
191635 1653092 0
189598 1653095 0
190256 1653096 0
189822 1653099 0
191676 1653100 0
190236 1270001 0
191635 1270003 0
189965 1270006 0
189822 1270007 0
190933 1270013 0
189822 1270015 0
191190 1270017 0
190644 1270018 0
190256 1270019 0
189280 1270021 0
190689 1270022 0
190611 1270024 0
189483 1270025 0
191426 1270027 0
189280 1270030 0
191149 1270034 0
190236 1270035 0
191190 1270040 0
189751 1270042 0
190236 1270044 0
189822 1270046 0
189845 1270049 0
190236 1270050 0
189280 1270054 0
190343 1270055 0
189207 1270056 0
189598 1270058 0
189693 1270061 0
189483 1270065 0
191920 1270066 0
189845 1270067 0
189822 1270070 0
190256 1270071 0
190256 1270072 0
189660 1270074 0
189207 1270077 0
189598 1270078 0
190046 1270081 0
189965 1270083 0
189288 1270085 0
189372 1270086 0
189875 1270087 0
190256 1270088 0
190236 1270089 0
191139 1270092 1
190933 1270093 0
191426 1270097 0
190116 1270098 0
191190 1891106 0
189822 1891107 0
190300 1891113 0
189483 1891115 0
191426 1891116 0
190611 1891118 0
189660 1891120 1
189822 1891121 0
190611 1891123 0
189822 1891126 0
190300 1891133 0
189207 1891138 0
190933 1891141 0
189049 1891149 0
190300 1891150 0
189598 1891153 0
189875 1891155 0
189845 1891157 0
190256 1891158 0
189280 1891162 0
189242 1891163 0
189242 1891164 0
189822 1891165 0
190300 1891173 0
190618 1891175 0
190256 1891176 0
190933 1891177 0
189639 1891180 0
190300 1891181 0
189561 1891184 0
188921 1891186 0
189598 1891188 0
191428 1891192 0
190689 1891198 0
191149 1891200 0
189598 3702303 0
190611 3702305 0
189207 3702306 0
190256 3702307 0
190611 3702311 0
191635 3702314 0
191139 3702315 0
189965 3702317 0
191635 3702318 0
190689 3702319 0
191517 3702323 0
190236 3702324 0
190933 3702325 0
190689 3702328 0
190236 3702329 0
191428 3702331 0
191635 3702333 0
191715 3702337 0
190236 3702341 1
189781 3702342 0
189836 3702343 0
189781 3702344 0
190618 3702354 0
191139 3702356 0
191428 3702361 0
189481 3702362 0
189242 3702367 0
191517 3702369 0
191426 3702370 0
189845 3702376 0
189280 3702378 0
190120 3702379 0
190236 3702380 0
191426 3702381 0
188951 3702384 0
189610 3702385 0
189610 3702387 0
189598 3702388 0
190256 3702389 0
190236 3702391 0
189184 3702393 0
190256 3702398 0
189610 3702505 0
190689 3702508 0
191190 3702509 0
190872 3702510 0
190872 3702511 0
189090 3702512 0
189425 3702513 0
190644 3702518 0
189280 3702519 0
190872 3702523 0
189610 3702530 0
189483 3702534 0
189822 3702536 0
191517 3702538 0
190256 3702541 0
189813 3702545 0
191933 3702547 0
190120 3702548 0
190236 3702554 0
190611 3702559 0
188951 3702563 0
190689 3702569 0
190933 3702570 0
190933 3702571 0
189751 3702580 0
190644 3702582 0
189693 3702583 0
190618 3702585 0
189822 3702588 0
189598 3702591 0
191426 3702592 0
189598 3702593 0
191426 3702596 0
191138 3702597 0
189822 3702598 0
190975 3779301 0
191426 3779304 0
189049 3779306 0
189184 3779307 0
191190 3779313 0
190975 3779314 0
191715 3779319 0
191635 3779320 0
190644 3779321 0
191426 3779323 0
191239 3779327 0
191139 3779328 0
189049 3779331 0
190256 3779333 0
190236 3779336 0
191190 3779337 0
189483 3779338 0
189049 3779343 0
191933 3779346 0
190116 3779348 0
191190 3779349 0
191239 3779351 0
190934 3779357 0
191139 3779358 0
189079 3779361 0
191190 3779363 0
189610 3779364 0
190644 3779365 0
190236 3779368 0
191426 3779371 0
189610 3779374 0
189483 3779377 0
190643 3779381 0
190300 3779384 0
190300 3779386 0
191933 3779388 0
190618 3779389 0
189845 3779391 0
190975 3779394 0
189184 3779395 0
190618 3779396 0
190933 3779398 1
189561 3779399 1
189207 3779400 1
190116 3716701 1
189483 3716702 0
191517 3716704 0
189207 3716706 1
190236 3716708 1
191428 3716711 1
191635 3716713 1
191920 3716716 1
190343 3716728 1
189963 3716732 1
190872 3716736 1
191139 3716739 1
191150 3716740 0
190872 3716741 1
190116 3716742 0
189288 3716743 1
191635 3716745 1
189822 3716747 0
190644 3716749 0
190120 3716753 1
191933 3716757 0
190689 3716761 0
190256 3716762 0
189875 3716764 1
190236 3716766 0
190256 3716767 1
189184 3716768 1
189561 3716770 0
191139 3716776 1
190236 3716779 0
190933 3716781 1
189639 3716785 1
190120 3716786 1
190618 3716791 0
189280 3716793 0
189822 3716798 0
191426 3716800 0
189639 3716801 0
191933 3716803 0
189598 3716804 1
189207 3716808 0
189598 3716809 0
190343 3716811 0
190236 3716815 1
191239 3716817 0
190933 3716819 0
189598 3716820 0
189963 3716826 1
191517 3716827 1
189719 3716830 0
190300 3716831 1
190643 3716834 1
189280 3716835 1
190256 3716836 1
189561 3716837 1
190975 3716842 0
190618 3716844 1
190236 3716848 1
189836 3716849 1
190046 3716850 1
191920 3716852 0
191933 3716853 1
189242 3716856 0
189372 3716857 1
190872 3716862 0
191190 3716866 0
190611 3716869 0
190618 3716872 0
191676 3716875 1
190046 3716877 1
189561 3716878 0
191635 3716879 0
189421 3716883 0
189184 3716885 0
189822 3716887 1
189207 3716888 0
190236 3716889 1
189822 3716891 1
191517 3716892 1
190872 3716893 1
189610 3716894 1
191190 3716895 1
189280 3716898 0
190975 3716899 0
191715 3718001 0
189207 3718002 0
189965 3718011 0
190878 3718012 0
189049 3718014 0
190933 3718015 0
191933 3718017 0
189049 3718019 0
190689 3718021 0
188951 3718022 0
189751 3718026 0
189610 3718030 0
190343 3718032 0
189561 3718033 1
191139 3718036 0
190644 3718037 0
189561 3718038 0
190618 3718041 0
190256 3718047 0
189822 3718048 0
190933 3718054 0
189660 3718057 1
190046 3718059 0
189561 3718061 0
190300 3718063 0
189530 3718064 0
191426 3718065 0
190300 3718066 0
190046 3718068 0
189719 3718069 0
190343 3718070 0
189845 3718072 0
190120 3718073 0
189280 3718074 0
191426 3718077 1
191139 3718078 0
191426 3718085 1
191428 3718086 0
190933 3718094 1
189184 3718095 0
191715 3718098 0
190116 3718100 1
191235 3719201 0
190300 3719203 0
191190 3719205 1
191426 3719210 0
190611 3719212 0
191920 3719214 1
190256 3719215 0
189693 3719217 0
191139 3719221 0
190236 3719222 1
191139 3719226 0
190343 3719229 0
189184 3719234 0
190116 3719235 0
189693 3719238 0
189598 3719241 1
189184 3719243 0
190256 3719250 0
191190 3719251 0
189719 3719253 0
189836 3719257 1
190046 3719258 0
189242 3719263 0
189207 3719266 0
189425 3719268 0
189280 3719269 0
189280 3719273 0
191190 3719276 1
191517 3719278 1
191190 3719282 1
189781 3719283 1
189280 3719284 0
191139 3719286 0
189049 3719287 1
190256 3719289 0
190256 3719291 0
190120 3719292 1
189751 3719293 0
191513 3719294 1
189536 3719295 1
190256 3719300 1
190343 1735501 1
189090 1735503 0
190975 1735507 1
190116 1735510 1
190872 1735511 1
190872 1735516 1
189425 1735519 1
190236 1735520 0
190933 1735521 0
189719 1735523 0
190644 1735528 1
189483 1735530 0
190618 1735534 1
191190 1735537 1
191426 1735538 0
189483 1735540 0
190618 1735544 1
189963 1735547 1
189561 1735548 1
191190 1735551 1
190643 1735552 1
191139 1735553 0
189660 1735555 1
189207 1735557 1
190872 1735560 0
189207 1735562 0
190878 1735563 1
189207 1735565 0
189280 1735567 0
191425 1735569 1
189822 1735571 0
189561 1735575 1
190046 1735577 0
191635 1735579 1
190689 1735581 0
189372 1735584 1
190933 1735589 0
189598 1735590 0
191139 1735591 1
190256 1735592 0
190300 1735593 1
191139 1735600 1
189481 1105701 1
189280 1105702 0
189242 1105704 0
189207 1105705 0
191635 1105708 0
190300 1105710 1
190689 1105713 1
189875 1105714 1
191920 1105717 1
190618 1105718 0
189845 1105721 1
189090 1105726 1
189483 1105730 0
190256 1105731 1
189561 1105732 0
190256 1105736 1
189598 1105737 1
189845 1105739 1
191517 1105741 0
190644 1105744 1
189280 1105746 0
189207 1105747 1
189822 1105749 1
189049 1105750 1
191239 1105751 0
189719 1105753 0
191139 1105756 1
190689 1105757 0
191139 1105758 1
191933 1105759 1
191139 1105760 1
189184 1105761 1
191920 1105765 0
189822 1105766 1
190343 1105767 0
190644 1105771 1
190933 1105779 0
190975 1105784 1
190343 1105787 0
189561 1105788 0
190300 1105789 1
189280 1105790 0
191190 1105791 1
191426 1105792 1
189280 1105793 1
191920 1105797 1
191139 1105798 1
189184 1728901 1
189483 1728902 0
191150 1728903 0
190300 1728905 1
189280 1728906 0
189280 1728907 0
190618 1728909 1
189207 1728910 0
189963 1728911 1
189561 1728912 0
189561 1728915 1
191517 1728916 1
188951 1728919 1
190116 1728921 1
191426 1728923 0
190643 1728928 1
190343 1728929 1
190300 1728931 0
190618 1728932 1
189875 1728933 0
189028 1728935 1
189372 1728939 1
189280 1728940 0
190236 1728942 1
190236 1728943 1
190236 1728944 1
190644 1728946 1
189660 1728947 1
191190 1728950 1
190872 1728951 0
190689 1728955 0
189288 1728957 0
189079 1728958 1
191715 1728959 0
191920 1728960 0
191218 1728963 0
191235 1728964 0
191139 1728965 0
190256 1728967 0
189561 1728971 0
191149 1728973 0
189751 1728975 0
191635 1728977 0
191190 1728979 0
190236 1728982 0
191190 1728983 0
191715 1728991 0
189561 1728992 0
189184 1728995 1
190933 1732901 0
191715 1732902 0
189965 1732903 0
190644 1732904 0
191139 1732907 0
189875 1732908 0
189207 1732909 0
191428 1732910 0
190644 1732911 0
190618 1732912 0
190872 1732919 0
189845 1732921 0
190300 1732923 0
189822 1732925 0
191190 1732926 0
190046 1732928 0
189280 1732932 0
191138 1732937 0
190644 1732938 0
191149 1732940 1
190689 1732941 0
191149 1732942 0
190872 1732943 0
189090 1732945 1
190256 1732946 0
191426 1732947 0
189483 1732950 0
190689 1732951 1
190300 1732953 0
191428 1732954 1
191517 1732957 0
191190 1732959 0
189610 1732960 0
190872 1732964 0
189965 1732966 0
189965 1732972 0
189875 1732974 0
189836 1732977 0
191190 1732978 0
189483 1732980 0
189598 1732982 0
190618 1732983 0
191190 1732985 0
189049 1732986 0
189536 1732987 0
189049 1732991 0
190046 1732992 1
189372 1732993 1
190236 1732994 0
189049 1732999 0
191920 1147801 1
191139 1147802 0
191139 1147804 0
189822 1147807 1
190256 1147809 0
190618 1147811 0
190611 1147813 0
191139 1147814 1
189280 1147816 0
189425 1147819 0
189598 1147820 0
189639 1147821 0
190618 1147822 0
189965 1147823 0
189425 1147827 0
190618 1147828 0
191513 1147829 0
190300 1147830 0
190872 1147832 0
189242 1147833 0
191426 1147838 0
191239 1147840 0
189280 1147841 0
190933 1147843 0
189280 1147853 0
191933 1147855 0
189751 1147857 0
191426 1147859 0
191138 1147860 0
189610 1147861 0
189483 1147865 0
190689 1147866 0
190256 1147867 0
189660 1147869 0
189561 1147872 0
190046 1147873 0
189425 1147874 0
191715 1147876 0
189483 1147877 0
189813 1147878 0
191517 1147879 0
189845 1147880 0
189822 1147885 0
191139 1147888 0
190256 1147891 0
191517 1147893 0
189561 1147899 0
190611 1103201 0
190618 1103203 0
191139 1103204 1
191517 1103208 0
191635 1103209 0
190256 1103213 0
191635 1103216 0
189598 1103219 0
191933 1103220 0
191920 1103222 0
189639 1103223 0
191426 1103224 0
191715 1103226 0
189049 1103229 0
190300 1103230 0
190933 1103235 0
190236 1103237 0
190878 1103242 0
190046 1103251 0
191139 1103252 0
190933 1103257 0
189280 1103259 0
191139 1103264 0
189280 1103267 0
190236 1103269 0
189280 1103272 0
189561 1103275 0
191425 1103281 0
189822 1103282 0
190256 1103283 0
191139 1103284 0
191715 1103285 0
190872 1103289 0
191139 1103290 0
190343 1103294 0
190256 1103295 0
190618 1103299 0
189598 1103300 0
191635 3526501 0
190611 3526503 0
189425 3526507 0
189280 3526508 0
189483 3526511 0
190256 3526512 0
189822 3526517 0
189639 3526518 1
190643 3526520 0
189781 3526521 1
190343 3526522 0
190618 3526524 0
191715 3526528 0
191190 3526530 0
190236 3526531 0
191426 3526533 1
189875 3526534 0
191635 3526538 1
191635 3526539 0
189372 3526540 0
189965 3526541 1
189207 3526544 1
191190 3526545 0
191715 3526548 0
191933 3526549 0
190300 3526554 1
189610 3526555 0
189610 3526556 0
191239 3526558 0
189079 3526560 0
189280 3526561 0
189280 3526562 1
189965 3526564 1
189561 3526566 0
190878 3526569 1
189184 3526570 0
190975 3526573 0
189598 3526574 0
191426 3526575 0
189561 3526579 0
189719 3526580 0
189483 3526581 0
189207 3526585 0
190644 3526587 0
190644 3526591 0
189781 3526593 0
189483 3526594 0
189822 3526595 0
191139 3526596 0
189813 3526597 0
189483 3526801 0
189561 3526803 0
190116 3526805 0
191517 3526807 0
189184 3526809 0
189822 3526810 0
191139 3526811 0
190236 3526813 0
189610 3526814 0
190644 3526816 0
190300 3526817 0
191139 3526820 0
189822 3526826 0
190643 3526830 0
191676 3526833 0
190343 3526839 1
190343 3526841 0
190618 3526843 0
190618 3526844 1
189280 3526847 0
191139 3526850 0
189875 3526851 1
189610 3526861 1
191715 3526862 0
189845 3526863 0
190933 3526864 0
189610 3526865 0
189280 3526869 0
190689 3526872 0
189660 3526873 0
188951 3526875 1
189845 3526877 1
190256 3526880 0
189781 3526881 1
190236 3526885 1
190933 3526888 1
190618 3526890 0
190046 3526891 0
191139 3526892 1
189425 3526895 0
189598 3526898 0
190644 3526900 1
189598 3451601 0
189719 3451608 1
190618 3451610 1
190618 3451611 1
191933 3451615 1
189184 3451617 0
191715 3451620 0
190236 3451622 1
189421 3451629 0
190933 3451631 1
190878 3451632 0
189280 3451635 0
189483 3451637 0
191425 3451639 1
190046 3451641 1
191190 3451642 0
191190 3451645 1
191426 3451646 1
190300 3451648 0
190644 3451649 0
191635 3451650 1
191920 3451651 1
190256 3451652 0
189561 3451653 1
189561 3451657 1
191426 3451658 1
189751 3451659 0
191426 3451661 1
190933 3451663 1
189207 3451664 0
191517 3451665 0
188951 3451667 0
190116 3451670 0
189875 3451677 1
189822 3451679 1
189561 3451681 1
191715 3451683 0
191635 3451684 1
188951 3451685 1
190644 3451687 1
189719 3451691 0
189280 3451696 0
190933 3451699 1
190689 3451700 1
190933 3785511 0
189242 3785513 0
191635 3785514 1
191190 3785515 1
190872 3785516 0
189836 3785517 1
190256 3785518 1
190300 3785521 1
189781 3785522 1
189280 3785524 1
190343 3785525 1
189483 3785527 1
190878 3785529 0
189049 3785532 1
191933 3785533 1
190300 3785534 1
190872 3785536 1
191138 3785537 1
190872 3785539 1
189693 3785544 1
190975 3785545 1
191190 3785546 1
189280 3785547 0
189561 3785549 1
189965 3785554 0
189822 3785555 0
190618 3785558 1
191426 3785559 1
188951 3785561 1
190256 3785566 1
191426 3785567 0
191139 3785575 1
189822 3785577 1
191933 3785580 1
190297 3785581 1
191426 3785583 0
190120 3785584 0
190644 3785587 0
191190 3785588 1
190618 3785589 0
189242 3785590 1
189751 3785594 1
189751 3785599 1
191715 1927501 0
189845 1927502 1
189372 1927504 0
189836 1927506 0
189822 1927507 1
189845 1927514 1
191190 1927515 0
190236 1927517 0
191426 1927519 1
189280 1927523 1
191715 1927527 1
189242 1927532 1
189965 1927535 1
188921 1927538 1
189836 1927539 0
189875 1927541 0
190878 1927544 0
190300 1927545 0
189822 1927546 0
189719 1927547 0
190933 1927550 0
190643 1927551 0
189639 1927552 0
190120 1927554 0
190236 1927555 0
190933 1927557 0
190300 1927558 0
189207 1927560 0
189483 1927568 0
191715 1927570 0
190644 1927571 0
191715 1927572 0
191715 1927574 0
190872 1927576 0
190618 1927577 0
190116 1927578 0
190116 1927579 0
189598 1927583 0
190116 1927589 0
189280 1927590 0
189207 1927594 0
191190 1927599 0
190618 1927600 0
189845 1464301 0
191426 1464302 0
190872 1464304 0
189280 1464306 0
189280 1464310 0
189536 1464315 0
191139 1464316 0
191190 1464322 0
189421 1464327 0
191920 1464328 0
190300 1464329 0
190046 1464330 0
191933 1464333 0
189561 1464334 0
189242 1464335 0
189483 1464336 0
190256 1464337 0
190256 1464338 0
191933 1464340 0
190872 1464342 0
190236 1464343 0
190689 1464346 0
190933 1464348 0
189280 1464350 0
189483 1464351 0
190343 1464353 0
190611 1464359 0
189049 1464361 0
190300 1464362 0
189561 1464363 0
191715 1464364 0
190046 1464366 0
189288 1464367 0
191426 1464369 0
190343 1464373 0
189751 1464376 0
191517 1464377 0
189965 1464381 0
190046 1464383 0
189561 1464389 0
189288 1464390 0
189372 1464393 0
190116 1464397 0
189965 1464398 0
189561 3521403 0
189639 3521404 0
191517 3521405 0
191150 3521408 0
189280 3521412 0
189481 3521414 0
189207 3521417 0
190300 3521419 0
189822 3521421 0
189561 3521424 0
189483 3521427 0
189425 3521430 0
191139 3521431 0
191150 3521433 0
189288 3521435 0
189483 3521436 0
190343 3521438 0
190343 3521439 0
189822 3521440 0
189483 3521442 0
190872 3521444 0
189184 3521447 0
189483 3521448 0
189598 3521449 0
191139 3521451 0
189822 3521453 0
189028 3521454 0
189280 3521457 0
190256 3521458 0
189483 3521460 0
189207 3521466 0
190933 3521467 0
189822 3521468 0
189184 3521470 0
190618 3521472 0
191715 3521473 0
191715 3521474 0
191239 3521476 0
190343 3521480 0
190872 3521481 0
189207 3521486 0
189822 3521487 0
189610 3521491 0
189049 3521499 0
190343 3521501 0
189639 3521503 0
188951 3521504 0
189280 3521505 0
191715 3521506 0
190878 3521508 0
190872 3521510 0
191933 3521511 0
191426 3521517 0
189207 3521519 0
191920 3521521 0
190236 3521523 0
189483 3521526 0
190256 3521529 0
189610 3521532 0
190618 3521536 0
190618 3521537 0
191190 3521538 0
189207 3521540 0
190975 3521541 0
189598 3521544 0
190644 3521545 0
189602 3521546 0
190872 3521547 0
189836 3521551 0
190618 3521552 0
190116 3521555 0
191190 3521556 0
191426 3521557 0
191715 3521558 0
189483 3521559 0
190236 3521561 0
191676 3521563 0
189822 3521567 0
189184 3521569 0
190643 3521570 0
190343 3521576 0
189280 3521578 0
191517 3521581 1
190256 3521582 0
190661 3521583 0
191635 3521586 0
191426 3521588 0
189288 3521589 0
190046 3521591 0
190116 3521592 0
189280 3521593 0
190300 3521596 0
189845 3521597 0
190878 3521598 0
189660 3521599 0
191150 3521600 0
191426 1479702 0
190618 1479703 0
191239 1479706 0
190644 1479711 0
191149 1479713 0
189280 1479714 0
189184 1479717 0
190236 1479720 0
191715 1479721 0
190343 1479722 0
190256 1479723 0
191138 1479724 0
191426 1479730 0
191426 1479731 0
190933 1479732 0
191920 1479735 0
189280 1479738 0
190933 1479740 0
189875 1479741 0
189425 1479745 0
190236 1479746 0
190343 1479748 0
191239 1479753 0
190256 1479755 0
190618 1479756 0
189822 1479758 0
189483 1479759 0
191933 1479761 0
190300 1479762 0
190116 1479764 0
189822 1479766 0
191426 1479769 0
191190 1479770 0
189483 1479777 0
191426 1479779 0
189207 1479782 0
190116 1479783 0
190611 1479784 0
188951 1479787 0
190643 1479790 0
190618 1479791 0
190236 1479792 0
191933 1479793 0
190236 1479794 0
190256 1479795 0
189280 1507801 0
190256 1507802 0
191139 1507803 0
190236 1507804 0
189845 1507806 0
190300 1507807 0
189598 1507808 0
191190 1507809 0
190116 1507814 0
191426 1507820 0
191428 1507821 0
189822 1507822 0
190872 1507825 0
190300 1507826 0
189822 1507827 0
189693 1507829 0
190933 1507831 0
189822 1507833 0
191190 1507836 0
189845 1507839 0
191635 1507842 0
191139 1507843 0
191190 1507844 0
189610 1507846 0
191190 1507847 0
190343 1507850 0
189822 1507851 0
190256 1507858 0
189610 1507863 0
190933 1507865 0
190933 1507866 0
191517 1507870 0
190300 1507871 0
190256 1507873 0
190872 1507876 0
191190 1507878 0
190300 1507879 0
189963 1507880 0
189561 1507884 0
189965 1507887 0
189719 1507890 0
190236 1507891 0
190975 1508702 0
189280 1508703 1
191426 1508704 1
190689 1508706 1
191715 1508710 1
190689 1508715 1
190878 1508717 1
189483 1508718 1
190975 1508720 1
191139 1508723 1
190236 1508725 1
191920 1508726 0
190644 1508733 1
191933 1508734 1
189822 1508735 0
190872 1508736 1
189639 1508737 1
191139 1508740 1
190872 1508741 1
190933 1508742 1
190933 1508743 1
189207 1508744 1
189660 1508745 1
190256 1508749 1
190611 1508750 0
189963 1508755 1
191933 1508758 0
191190 1508762 1
191635 1508765 1
189845 1508766 1
189207 1508768 0
189288 1508770 1
191428 1508780 0
188921 1508782 1
190300 1508784 1
189561 1508785 0
189372 1508786 1
189425 1508790 1
190236 1508796 1
189561 1508798 1
189751 1508799 0
189280 1508800 0
190236 3197401 0
191139 3197404 0
190689 3197405 1
189822 3197406 1
189421 3197407 1
189561 3197408 1
191190 3197410 1
191517 3197411 0
189184 3197417 1
189875 3197420 0
189751 3197422 1
189184 3197423 0
191635 3197429 1
189421 3197430 0
190878 3197433 1
190236 3197434 1
190343 3197436 1
189561 3197437 0
189610 3197440 0
189288 3197441 1
190872 3197444 0
189598 3197446 1
190872 3197447 1
190116 3197449 1
191149 3197455 1
190046 3197457 1
189822 3197461 0
189660 3197463 1
189561 3197466 1
189598 3197471 0
189242 3197477 0
191426 3197478 1
190933 3197480 1
189425 3197482 1
189639 3197487 1
189207 3197489 1
191715 3197491 0
189280 3197493 1
189836 3197497 1
190878 3197498 1
189561 3197499 0
189822 3197500 0
191190 3198203 0
190256 3198204 0
190300 3198205 0
191513 3198206 0
190611 3198209 0
190933 3198211 0
189242 3198213 0
188951 3198217 0
190975 3198220 0
191139 3198222 0
189372 3198223 1
189421 3198225 0
189719 3198226 1
189483 3198227 0
190872 3198229 0
190644 3198230 0
191635 3198233 0
190116 3198235 0
190256 3198238 1
190933 3198239 1
191190 3198241 0
189822 3198245 0
191239 3198248 1
190933 3198250 0
189207 3198251 0
189207 3198252 0
189372 3198253 1
190644 3198256 0
190236 3198257 0
190975 3198258 0
191426 3198259 0
189822 3198266 0
189421 3198267 0
189598 3198272 0
190618 3198273 0
189813 3198274 0
190611 3198276 0
189280 3198280 0
191933 3198283 1
190644 3198284 1
191139 3198286 0
190618 3198287 0
190933 3198289 0
189184 3198291 0
190256 3198292 0
189049 3198296 0
190236 3198302 0
191513 3198303 0
189719 3198306 0
190236 3198307 0
189207 3198309 0
190933 3198310 0
190343 3198311 0
190116 3198317 0
190643 3198319 1
190236 3198320 0
190661 3198321 0
188951 3198322 1
189280 3198325 0
190644 3198326 1
190975 3198329 1
189822 3198332 0
189813 3198341 0
190618 3198346 0
188921 3198348 1
189598 3198355 0
189751 3198356 1
190618 3198357 0
190300 3198358 1
190933 3198361 1
189483 3198362 0
190116 3198364 1
190256 3198368 0
191139 3198372 0
191138 3198373 0
190116 3198376 1
189483 3198379 1
191150 3198387 0
191139 3198388 1
191239 3198389 1
190300 3198390 0
191426 3198392 1
191190 3198395 1
191190 3198396 1
190236 3198397 1
190975 3198399 1
190872 1916101 1
190343 1916102 1
191139 1916108 1
189421 1916110 0
191426 1916111 1
190236 1916112 1
190256 1916115 1
190618 1916119 1
191715 1916121 0
190343 1916123 0
190343 1916124 0
189719 1916126 1
190611 1916129 0
189242 1916131 0
189719 1916132 1
189660 1916137 0
189049 1916138 1
190046 1916140 1
190933 1916143 1
189425 1916144 1
190343 1916146 1
189561 1916149 0
189610 1916150 1
190256 1916152 0
189751 1916156 1
190611 1916158 1
190236 1916160 0
191139 1916161 1
191190 1916162 1
190343 1916163 0
189421 1916164 0
190256 1916168 1
191190 1916169 0
190116 1916170 0
189822 1916176 0
190236 1916178 0
189483 1916179 0
189207 1916181 1
189610 1916184 1
189184 1916186 1
189184 1916189 1
189751 1916190 1
190611 1916192 0
189781 1916196 1
190933 1916197 1
189421 1916198 0
189280 1916200 0
190256 2064103 1
189822 2064105 1
189207 2064106 1
191426 2064109 0
190256 2064110 1
191715 2064117 1
190644 2064118 1
190975 2064120 1
189822 2064122 1
191426 2064123 1
189280 2064129 0
190933 2064132 1
189242 2064134 0
191190 2064141 1
189207 2064144 1
190236 2064145 1
190618 2064147 0
189280 2064148 1
189184 2064152 1
189965 2064153 1
190644 2064155 0
190256 2064156 1
189751 2064160 0
189372 2064161 1
191190 2064162 1
191190 2064165 0
191715 2064168 1
189602 2064169 0
190300 2064173 0
189207 2064174 0
190872 2064176 1
190236 2064178 1
189719 2064181 1
190236 2064186 0
190618 2064187 1
189184 2064188 0
189693 2064189 0
189561 2064190 0
190343 2064197 1
189280 2064199 1
191190 2064200 0
190120 2089501 0
189372 2089505 0
190236 2089506 1
189719 2089509 1
189639 2089511 1
189822 2089512 0
189845 2089516 1
189242 2089523 1
189184 2089524 1
190300 2089529 1
191715 2089531 1
189280 2089532 0
190046 2089533 1
189639 2089536 1
191426 2089540 0
190116 2089542 1
189639 2089544 1
190618 2089545 0
190611 2089546 1
189751 2089547 1
190116 2089548 1
190618 2089551 0
188951 2089553 0
191239 2089555 0
190236 2089556 0
190236 2089557 0
189028 2089559 0
190618 2089561 0
189610 2089570 0
190120 2089571 0
189288 2089573 0
191139 2089574 0
190618 2089577 0
191139 2089578 0
190933 2089579 0
190975 2089585 0
189598 2089588 0
191426 2089592 0
190343 2089593 0
190343 2089597 0
189660 2089598 0
190256 2077902 0
188921 2077903 0
191190 2077906 0
189822 2077916 0
190236 2077921 0
190644 2077926 0
190878 2077927 0
189280 2077928 0
190872 2077929 0
190236 2077931 0
190116 2077933 0
189719 2077934 0
189184 2077935 0
189822 2077936 1
191715 2077937 0
189598 2077939 0
190046 2077941 0
189598 2077943 0
189242 2077944 0
191150 2077947 0
189207 2077952 0
190618 2077953 0
190878 2077963 1
189242 2077966 0
189242 2077971 0
189090 2077977 0
191190 2077978 0
189845 2077983 0
191239 2077987 0
189184 2077990 0
190256 2077993 0
191150 2077998 0
190933 2078101 0
191426 2078104 0
189845 2078105 0
190046 2078115 0
190933 2078116 0
190661 2078117 0
190300 2078118 0
189963 2078120 0
189280 2078121 0
191239 2078122 0
191139 2078124 0
191426 2078125 0
189425 2078127 0
190236 2078129 1
189288 2078130 0
190116 2078132 0
190872 2078133 0
190236 2078134 0
189280 2078136 0
191426 2078137 0
190933 2078142 0
191920 2078144 0
191426 2078145 0
190872 2078148 0
190116 2078149 0
191426 2078150 0
189280 2078152 0
190256 2078154 0
190933 2078156 0
189610 2078159 0
189184 2078160 0
191138 2078161 0
190618 2078164 0
190343 2078166 0
189693 2078167 0
190300 2078169 0
189207 2078171 0
190872 2078173 0
191920 2078176 0
189483 2078177 0
191239 2078184 0
190116 2078186 0
190872 2078188 0
191235 2078190 0
190236 2078192 0
189483 2078193 0
190933 2078195 0
190256 2078503 0
189836 2078504 0
189610 2078505 0
189598 2078506 0
189822 2078507 0
190300 2078509 0
191513 2078510 0
189598 2078511 0
191190 2078513 0
190236 2078514 0
189639 2078515 0
189719 2078518 0
190933 2078519 0
190611 2078520 0
191190 2078521 0
189483 2078522 0
189781 2078523 0
191428 2078524 0
190236 2078525 0
190256 2078527 0
190046 2078528 0
191715 2078531 0
191715 2078533 0
191426 2078534 0
191190 2078537 0
189483 2078538 0
189079 2078541 0
191239 2078542 0
191426 2078543 0
190689 2078545 0
189598 2078546 0
191635 2078551 0
189280 2078555 0
189610 2078556 0
189280 2078557 0
188951 2078559 0
189561 2078569 0
191190 2078570 0
189184 2078571 0
189660 2078572 0
191138 2078573 0
190933 2078574 0
189693 2078578 0
190236 2078579 0
189822 2078581 0
189561 2078585 0
189822 2078586 0
190300 2078587 0
189049 2078590 0
189280 2078591 0
190975 2078596 0
191513 2078598 0
190975 2078600 0
190618 3658601 0
191190 3658604 0
188951 3658608 0
189598 3658609 0
190300 3658610 0
190300 3658611 0
189184 3658612 0
190343 3658613 0
190236 3658614 0
189207 3658615 0
189965 3658624 0
189280 3658625 0
191517 3658630 0
190608 3658634 0
189751 3658635 0
191513 3658636 0
190300 3658638 1
189965 3658642 1
189280 3658650 0
191150 3658653 0
191715 3658655 0
189610 3658657 1
189184 3658658 0
190975 3658661 1
191715 3658662 1
191933 3658663 0
191139 3658664 0
190933 3658665 0
190689 3658666 0
190975 3658669 0
189184 3658670 1
189610 3658671 0
189049 3658672 0
189421 3658673 0
189875 3658675 0
189822 3658676 0
189561 3658677 0
190256 3658680 0
190933 3658681 0
190644 3658683 0
190236 3658685 1
190872 3658687 1
189184 3658689 1
190618 3658693 0
191426 3658694 1
190256 3658697 1
190611 3658698 1
189049 3658700 0
189207 1493202 0
190236 1493203 0
190236 1493204 0
190236 1493214 0
189965 1493217 0
189242 1493219 0
190256 1493227 0
191517 1493228 0
189207 1493229 0
191426 1493230 0
191426 1493231 0
190343 1493233 0
191425 1493237 0
191635 1493241 0
191138 1493245 1
190872 1493246 0
191139 1493247 0
190933 1493248 0
190618 1493249 0
190236 1493251 0
190975 1493255 1
189425 1493256 0
189280 1493257 0
191149 1493259 1
190236 1493260 0
189421 1493261 0
190933 1493262 0
189610 1493264 0
189845 1493265 0
190661 1493270 0
190611 1493273 0
191676 1493275 0
190236 1493277 0
189875 1493279 0
189963 1493281 0
189598 1493285 1
190256 1493289 1
189421 1493291 0
189242 1493296 1
190933 1493298 1
190933 3704502 1
189049 3704503 1
189372 3704505 1
190933 3704506 1
189425 3704507 0
189184 3704508 1
191150 3704509 1
191715 3704510 0
190618 3704513 0
189875 3704516 1
191933 3704520 1
189483 3704522 1
191513 3704523 1
191426 3704534 1
189781 3704535 1
190872 3704538 1
190618 3704539 1
190643 3704540 0
189242 3704541 0
190236 3704543 1
189963 3704544 1
190236 3704549 1
189207 3704557 1
189049 3704559 1
190872 3704560 1
190300 3704562 0
189845 3704564 1
191715 3704570 1
191139 3704572 0
190872 3704577 0
189845 3704581 0
190120 3704583 0
189280 3704585 1
191239 3704592 1
189875 3704594 1
189561 3704595 1
189425 3704600 0
191426 3640101 1
188951 3640103 1
189561 3640104 0
189561 3640106 0
189602 3640108 0
191933 3640110 0
189561 3640112 0
190256 3640117 1
189207 3640119 0
190343 3640128 1
189822 3640129 1
189242 3640133 0
190343 3640139 1
191635 3640140 1
191138 3640141 0
189561 3640142 0
189719 3640144 1
189483 3640146 1
191933 3640147 1
189288 3640148 1
190256 3640150 1
190236 3640152 1
189483 3640153 1
191190 3640154 1
189280 3640156 1
190343 3640157 1
191138 3640158 1
190256 3640159 1
190872 3640160 1
189822 3640161 1
190236 3640162 0
190236 3640164 1
190608 3640165 1
190618 3640166 1
189610 3640169 0
189561 3640170 1
189425 3640171 1
190644 3640172 1
191139 3640173 1
189049 3640176 1
189242 3640177 0
190256 3640178 1
190878 3640182 0
189875 3640184 1
190878 3640188 0
191933 3640190 0
189751 3640198 0
189483 3640200 1
190933 3174401 1
191635 3174402 1
189822 3174403 0
189639 3174404 1
189845 3174405 1
189207 3174407 1
191715 3174408 1
191149 3174412 0
189836 3174416 1
189719 3174418 0
189963 3174419 1
191715 3174420 1
191239 3174422 0
190256 3174423 0
189049 3174424 0
189280 3174432 0
190933 3174437 1
190236 3174441 1
190343 3174442 0
189822 3174448 0
191920 3174449 0
191190 3174452 1
191676 3174454 0
189049 3174458 1
190116 3174460 1
189875 3174463 1
189483 3174466 0
190872 3174470 1
191426 3174471 0
189483 3174472 1
189425 3174476 1
189875 3174477 1
191715 3174478 0
191139 3174479 1
190618 3174480 0
190618 3174481 0
189845 3174482 1
190933 3174489 1
190933 3174493 0
190300 3174494 1
189751 3174499 1
189822 3174801 0
190256 3174803 1
189561 3174805 0
189207 3174807 0
189598 3174809 1
191426 3174810 1
189280 3174811 1
189598 3174812 0
189536 3174814 0
190343 3174817 0
190933 3174818 1
191150 3174821 0
189483 3174824 0
191190 3174825 0
189561 3174835 1
190933 3174836 1
191715 3174838 1
190116 3174839 0
189530 3174840 1
190611 3174841 1
190256 3174846 1
189965 3174849 0
190300 3174853 0
191635 3174860 1
190046 3174861 0
190300 3174862 0
190236 3174865 0
191150 3174870 1
191426 3174871 1
189280 3174874 0
191426 3174876 0
191715 3174877 1
190343 3174883 0
190872 3174884 1
190236 3174885 1
189372 3174886 1
189639 3174887 0
189280 3174889 0
191190 3174890 1
191426 3174898 1
189372 3174900 1
190236 2121104 1
188951 2121107 0
189049 2121109 0
189598 2121113 1
190933 2121116 0
190611 2121117 0
189822 2121119 1
191517 2121122 1
190116 2121123 1
190256 2121125 0
190933 2121126 0
191920 2121128 1
189598 2121129 0
190933 2121133 1
191190 2121134 1
190643 2121136 1
190300 2121137 0
189207 2121138 0
191190 2121143 0
189875 2121145 0
190116 2121147 1
189751 2121148 0
190236 2121153 1
191139 2121154 0
189483 2121155 0
190046 2121156 0
191190 2121157 0
190256 2121159 0
189207 2121160 0
191428 2121161 0
191635 2121162 0
189719 2121163 0
191715 2121164 0
189845 2121167 1
190046 2121172 0
189845 2121173 0
190256 2121174 0
190643 2121181 0
190644 2121185 0
190256 2121187 0
189598 2121188 0
189561 2121189 0
189207 2121191 0
189242 2121193 0
189561 2121301 0
189483 2121302 0
189561 2121304 0
191150 2121306 0
189207 2121310 0
190872 2121311 0
190256 2121312 0
190343 2121313 0
190236 2121315 0
189184 2121317 0
190256 2121319 0
189751 2121320 0
191920 2121321 0
189079 2121323 1
189280 2121327 0
190046 2121328 0
189751 2121330 0
190878 2121333 0
189280 2121334 0
189425 2121340 0
189719 2121344 0
189845 2121348 0
191190 2121350 0
191426 2121356 0
190878 2121357 0
189965 2121359 0
191190 2121361 0
190236 2121362 0
189561 2121366 0
190872 2121370 0
190975 2121375 0
190343 2121376 1
190611 2121378 0
190236 2121380 0
190343 2121382 0
191426 2121384 0
191190 2121385 0
189184 2121386 0
191139 2121389 0
190933 2121390 0
190300 2121393 0
190644 2121395 1
191426 2121399 0
190933 2121400 0
190236 3143002 0
191715 3143005 0
190300 3143006 0
189207 3143008 0
189561 3143014 0
189184 3143015 0
191138 3143017 0
189049 3143020 0
189965 3143021 0
189836 3143022 0
190975 3143024 0
190933 3143025 0
189836 3143026 0
189822 3143027 0
190116 3143028 0
189751 3143034 0
190236 3143035 0
190300 3143036 0
191190 3143037 0
190611 3143038 0
190975 3143039 0
190689 3143044 0
189242 3143045 0
190872 3143047 0
190644 3143048 0
190256 3143049 0
189483 3143050 0
190933 3143051 0
189965 3143052 0
190120 3143054 0
190256 3143055 0
189822 3143057 0
189561 3143058 0
189207 3143062 0
189751 3143075 0
191139 3143080 0
190343 3143083 0
189242 3143088 0
191190 3143093 1
189822 3143095 0
191426 3143098 0
191139 3143100 0
190618 3144101 0
189845 3144102 0
189280 3144103 0
189639 3144105 0
191190 3144106 0
189280 3144107 0
191920 3144109 0
190618 3144110 0
190975 3144111 0
190933 3144112 0
189836 3144113 0
191513 3144116 0
191715 3144121 0
191139 3144123 0
191239 3144125 0
189751 3144127 0
189751 3144130 0
189207 3144131 0
191139 3144132 0
191150 3144135 0
189288 3144137 0
190872 3144140 0
189280 3144142 0
188951 3144144 0
190300 3144145 0
189822 3144151 0
189280 3144153 0
191425 3144157 0
189693 3144160 0
191150 3144162 0
189875 3144163 0
189280 3144166 0
189184 3144169 0
190618 3144170 0
189242 3144172 0
189207 3144175 0
190933 3144178 0
190236 3144179 0
190611 3144182 0
190661 3144183 0
190933 3144187 0
189822 3144188 0
190644 3144189 0
190975 3144193 0
189965 3144196 0
191517 3144197 0
189561 3144198 0
189372 1473306 0
189693 1473308 0
191933 1473312 0
191513 1473314 0
190116 1473317 0
190236 1473319 0
189836 1473320 0
190933 1473322 1
191635 1473324 0
190618 1473326 0
191149 1473328 0
189049 1473331 0
190933 1473333 0
191190 1473334 0
189781 1473337 0
189822 1473338 1
189561 1473339 1
191426 1473340 1
189719 1473344 0
191190 1473345 0
190661 1473346 0
189280 1473352 0
190300 1473355 0
191676 1473356 0
189610 1473357 0
190236 1473358 0
190256 1473359 0
189207 1473360 0
189781 1473361 1
189280 1473362 0
191425 1473366 1
189822 1473374 0
191150 1473382 0
191517 1473383 0
191933 1473385 0
191190 1473386 0
191920 1473388 0
189049 1473391 0
191426 1473392 0
189425 1473393 0
190300 1473394 0
191715 1473395 0
190689 1473397 0
191190 1473398 0
190119 1504602 0
191426 1504605 1
189280 1504606 1
189242 1504607 0
191920 1504611 1
190300 1504612 0
189965 1504613 0
189598 1504615 0
191190 1504617 0
191190 1504618 0
191428 1504619 0
189090 1504620 0
190872 1504621 0
190933 1504622 0
191190 1504632 1
190872 1504633 0
191190 1504635 0
191190 1504636 0
191426 1504637 0
189483 1504642 0
189639 1504645 1
189561 1504646 1
191139 1504647 0
190236 1504650 0
191426 1504651 0
191676 1504652 1
190116 1504657 0
190256 1504658 0
189421 1504660 0
189421 1504661 0
191139 1504663 0
191933 1504667 0
190046 1504668 0
191149 1504670 0
190933 1504674 0
190644 1504675 0
191426 1504677 0
190046 1504679 1
189610 1504685 1
189561 1504687 1
190618 1504690 1
190975 1504691 1
190933 1504694 0
189836 1504695 1
189184 3480404 0
189079 3480405 0
190618 3480406 1
190046 3480407 1
191190 3480409 1
190933 3480417 1
190872 3480418 1
191139 3480420 0
189822 3480421 1
189598 3480422 0
190611 3480423 1
190343 3480424 0
190256 3480425 1
189719 3480426 1
190300 3480430 0
189751 3480437 0
189719 3480439 0
189719 3480441 1
190116 3480442 0
190116 3480446 1
189965 3480449 0
191517 3480450 1
190343 3480454 0
190300 3480455 1
190256 3480459 1
189372 3480461 0
191715 3480462 1
190872 3480464 1
191190 3480465 1
191426 3480466 1
191139 3480469 0
190236 3480470 0
191933 3480471 0
190256 3480472 0
190933 3480474 1
189836 3480477 0
191428 3480478 1
189483 3480484 0
189280 3480487 1
190975 3480488 0
189372 3480490 0
189280 3480491 1
190618 3480497 1
190611 3480498 1
190116 3480499 1
190689 3480500 0
190300 3480603 0
190618 3480605 1
191149 3480606 0
191190 3480609 0
190878 3480612 0
190872 3480614 0
189751 3480615 0
189751 3480617 1
191920 3480619 1
189280 3480620 0
190236 3480621 1
189598 3480623 1
191425 3480624 1
189845 3480625 0
190236 3480626 0
190618 3480628 0
189280 3480630 1
190872 3480631 1
189719 3480634 1
189719 3480636 1
189207 3480640 0
189280 3480644 0
189288 3480645 1
189530 3480647 1
191715 3480653 1
189639 3480654 1
189751 3480656 0
189483 3480657 1
190116 3480658 0
191190 3480659 1
189822 3480662 1
191933 3480665 1
189280 3480666 1
191190 3480668 0
190300 3480669 0
191139 3480671 0
190878 3480673 1
190236 3480674 0
189639 3480675 0
190256 3480677 0
189280 3480678 1
190046 3480680 1
189598 3480684 1
190343 3480689 0
189372 3480690 1
189561 3480691 1
191933 3480692 1
189751 3480698 1
189207 3817604 0
189483 3817605 1
189639 3817606 1
188921 3817608 0
190618 3817609 1
190872 3817610 0
190644 3817617 0
189242 3817620 0
190046 3817622 0
190236 3817624 0
190116 3817625 1
191139 3817629 1
191138 3817634 1
189242 3817635 1
190046 3817638 1
191190 3817639 0
189242 3817645 0
191426 3817646 0
189280 3817647 0
190300 3817652 0
191139 3817654 0
191513 3817658 0
189751 3817661 0
191920 3817662 0
190116 3817663 0
191149 3817666 0
191190 3817667 0
189598 3817668 0
189963 3817670 0
189965 3817671 0
189598 3817674 0
190300 3817676 0
191933 3817679 0
189965 3817683 0
191139 3817684 0
191190 3817685 0
190618 3817686 0
190343 3817687 0
189822 3817692 0
190300 3817694 0
189425 3817698 0
189660 3817699 0
191139 3801302 0
189280 3801307 0
190300 3801308 0
191190 3801309 0
190046 3801310 0
191920 3801311 0
190618 3801315 0
190618 3801316 0
191190 3801318 0
189207 3801319 0
190933 3801321 0
191426 3801322 0
191239 3801324 0
191190 3801325 0
190618 3801333 0
191239 3801335 0
190618 3801336 0
190872 3801337 0
190256 3801340 0
191426 3801343 0
190618 3801346 0
190872 3801353 0
189184 3801354 0
189421 3801355 0
190872 3801356 0
189049 3801357 0
189280 3801358 0
191933 3801359 0
190343 3801360 0
191426 3801362 0
190611 3801364 0
189751 3801366 0
191149 3801368 0
190236 3801370 0
190618 3801373 0
191139 3801375 0
191517 3801377 0
190618 3801378 0
189781 3801381 0
190933 3801385 0
191139 3801387 0
188921 3801389 0
189207 3801393 0
191428 3801396 0
189425 3801397 0
189822 3801501 0
191190 3801502 0
189836 3801503 0
189639 3801504 0
190343 3801507 0
190878 3801508 0
189822 3801510 0
190643 3801511 0
189822 3801513 0
189425 3801520 0
191190 3801524 0
190297 3801525 0
190343 3801527 0
191920 3801528 0
191425 3801529 0
189822 3801536 0
190343 3801539 0
189598 3801540 0
189425 3801543 0
190689 3801545 0
191715 3801546 0
191217 3801547 0
190872 3801554 0
191190 3801561 0
190300 3801565 0
191190 3801567 0
189280 3801569 0
191426 3801576 0
190116 3801581 0
189481 3801582 0
191150 3801589 0
189561 3801591 0
189207 3801592 0
190933 3801594 0
189288 3801596 0
190618 3803301 0
189822 3803303 0
190689 3803306 0
189693 3803307 0
189822 3803308 0
191920 3803311 0
189280 3803314 0
189184 3803315 0
189242 3803316 0
191920 3803317 0
191150 3803318 0
190120 3803320 0
189049 3803323 0
191676 3803324 0
189822 3803325 0
189693 3803327 0
189207 3803328 0
189751 3803330 0
189184 3803334 0
189090 3803335 0
191635 3803339 0
189561 3803340 0
189822 3803342 0
189610 3803347 0
188951 3803348 0
190644 3803352 0
190256 3803353 0
189049 3803354 0
191190 3803363 0
189639 3803365 0
190116 3803369 0
191190 3803371 0
189090 3803372 0
189049 3803373 0
190975 3803374 0
190256 3803375 0
189822 3803382 0
189421 3803383 0
189184 3803384 0
189822 3803388 0
190300 3803392 0
191920 3803395 0
189719 3803396 0
190933 3803398 0
189822 3804901 0
190300 3804905 0
191190 3804907 0
189719 3804909 0
190236 3804911 0
191190 3804912 0
190644 3804914 0
191190 3804918 0
191517 3804919 0
189280 3804920 0
191139 3804923 0
190256 3804926 0
189781 3804927 0
189751 3804929 0
189598 3804931 0
191139 3804932 0
189483 3804933 0
191138 3804934 0
190343 3804936 0
189561 3804937 0
190878 3804938 0
190872 3804939 0
189660 3804941 0
189561 3804942 0
189421 3804945 0
189610 3804946 0
189421 3804948 0
189751 3804953 0
189561 3804955 0
190236 3804956 0
191190 3804958 0
190256 3804960 0
190256 3804963 0
190046 3804966 0
191920 3804967 0
191426 3804970 0
191190 3804971 0
191426 3804973 0
188951 3804974 0
191920 3804979 0
191190 3804980 0
189483 3804982 0
191426 3804983 0
189639 3804985 0
189660 3804987 0
189280 3804990 0
189875 3804991 0
190933 3804997 0
189875 3804998 0
189280 3805000 0
191190 2108302 0
189425 2108305 0
191190 2108306 0
191139 2108307 0
190618 2108308 0
189280 2108310 0
191426 2108311 0
190343 2108312 0
191513 2108313 0
189280 2108314 0
191139 2108315 0
190878 2108318 0
190300 2108320 0
191933 2108321 0
189561 2108322 0
189822 2108324 0
190343 2108328 0
189561 2108329 0
191190 2108331 0
190618 2108334 0
190644 2108335 0
190872 2108336 0
191190 2108338 0
190644 2108340 0
191235 2108343 0
190618 2108345 0
191190 2108347 0
190300 2108348 0
189598 2108350 0
189610 2108351 0
191920 2108355 0
190116 2108357 0
189610 2108358 0
189561 2108360 0
191190 2108361 0
191426 2108362 0
190116 2108369 0
190300 2108370 0
189751 2108371 0
191426 2108372 0
191428 2108373 0
190236 2108375 0
189421 2108376 0
191149 2108377 0
189207 2108380 0
191715 2108383 0
189425 2108385 0
189965 2108387 0
189845 2108388 0
191426 2108389 0
190256 2108390 0
190618 2108393 0
189280 2108394 0
191235 2108396 1
189845 2108398 0
191139 3513001 1
189561 3513002 1
188951 3513003 1
191190 3513005 1
190236 3513006 1
191190 3513009 1
190618 3513012 1
191933 3513014 0
191139 3513017 1
189561 3513018 1
191239 3513019 1
190116 3513022 1
191933 3513026 0
189822 3513031 1
189822 3513035 1
190689 3513036 1
189207 3513037 1
190256 3513038 1
191150 3513039 1
189822 3513041 1
190236 3513046 1
188951 3513050 1
191428 3513055 1
189822 3513056 1
189184 3513057 1
190256 3513058 0
190046 3513060 1
191920 3513062 1
190644 3513064 0
191235 3513065 1
189280 3513067 0
190933 3513077 1
190933 3513082 1
189207 3513085 1
190933 3513086 0
190120 3513090 0
191933 3513091 1
190878 3513092 0
189242 3513094 0
191517 3513095 1
191933 3513096 1
191190 3513097 1
191139 3513098 1
189561 3513100 1
190236 1510803 1
191426 1510804 1
191139 1510805 1
191715 1510807 1
191426 1510808 1
190300 1510810 1
189372 1510811 0
191139 1510812 1
189598 1510815 1
191190 1510816 1
190343 1510818 1
191150 1510821 0
189207 1510822 0
191426 1510823 1
191139 1510825 0
190046 1510826 1
191426 1510828 0
189822 1510835 1
189598 1510836 1
189049 1510841 0
191139 1510843 0
189822 1510847 0
191517 1510852 1
189372 1510856 1
189184 1510858 1
189822 1510859 1
189561 1510863 0
190933 1510871 1
191190 1510872 1
190256 1510873 1
190343 1510876 1
191139 1510880 1
190618 1510881 1
189822 1510884 0
190256 1510886 1
190256 1510891 1
190236 1510892 1
189421 1510893 0
189610 1510897 1
191715 1510898 0
189242 1510900 0
189049 1511402 0
189483 1511403 0
191190 1511407 0
191426 1511410 0
189421 1511411 0
190343 1511413 0
189483 1511414 0
189965 1511415 0
189963 1511416 0
190878 1511419 0
190046 1511420 0
190256 1511422 0
188951 1511423 0
189536 1511430 0
191933 1511432 0
190116 1511433 0
191920 1511437 0
190300 1511438 0
191517 1511439 0
189561 1511443 0
189639 1511447 0
190236 1511451 0
189207 1511452 0
191190 1511453 1
189561 1511463 0
191426 1511464 1
190872 1511465 0
191426 1511466 1
189184 1511468 0
190300 1511470 1
189483 1511472 0
191139 1511475 1
191513 1511476 0
190644 1511477 1
191150 1511479 0
190618 1511481 0
191426 1511482 0
189719 1511484 0
190872 1511487 1
189836 1511488 0
191426 1511489 0
189822 1511491 0
190343 1511493 0
191139 1511496 1
191635 1511497 0
190300 1511499 0
190343 1511500 0
191428 3649001 1
190618 3649002 0
189049 3649004 1
190689 3649009 0
191517 3649012 1
191426 3649014 0
190256 3649016 0
191715 3649017 0
189719 3649018 0
191426 3649022 0
190236 3649023 0
190116 3649024 0
190644 3649027 0
191715 3649028 0
191426 3649032 1
190236 3649033 0
189483 3649037 0
191150 3649038 1
189610 3649041 0
191933 3649045 1
191513 3649050 0
189610 3649053 0
191635 3649054 0
191635 3649055 0
190236 3649058 0
190878 3649060 0
190878 3649061 0
188921 3649063 0
189693 3649068 1
189207 3649074 0
190618 3649077 1
189184 3649078 1
189610 3649081 1
190618 3649082 1
189207 3649084 1
190256 3649088 1
189965 3649090 1
190872 3649091 1
189751 3649094 1
191190 3649096 1
189049 3649098 0
188951 3649099 1
191715 3649100 1
180481 2718202 1
180481 2718204 1
180153 2718206 1
180225 2718207 1
179710 2718208 1
180448 2718211 1
180139 2718213 1
180481 2718215 1
180122 2718216 1
179710 2718217 1
180164 2718218 1
180481 2718219 1
180139 2718220 1
180400 2718221 1
180153 2718222 1
180164 2718223 1
180225 2718224 1
180481 2718228 1
180400 2718230 1
180481 2718231 1
180144 2718233 1
180225 2718234 0
180400 2718237 1
180481 2718238 1
180144 2718243 1
180164 2718244 1
180448 2718247 1
180225 2718249 1
180400 2718250 1
180164 2718252 1
180400 2718254 0
180164 2718256 1
180164 2718257 1
180241 2718258 1
180481 2718259 1
180481 2718260 1
180139 2718261 0
180481 2718262 0
180309 2718265 1
180481 2718267 0
180400 2718268 0
180149 2718269 1
180481 2718270 0
180242 2718272 1
180164 2718277 1
179739 2718284 1
180164 2718286 1
179771 2718291 1
180139 2718296 1
180225 2718299 1
180139 2718302 1
180149 2718304 1
180122 2718305 0
180309 2718306 1
180481 2718307 1
180481 2718308 1
180164 2718309 1
179739 2718310 1
180400 2718312 1
180400 2718315 1
180139 2718324 0
180481 2718329 1
180164 2718331 1
180481 2718332 1
180309 2718334 1
180225 2718335 1
179771 2718336 1
179725 2718338 1
180241 2718341 1
180225 2718344 1
180242 2718346 1
180225 2718348 1
180225 2718349 1
180481 2718352 1
180164 2718354 1
180124 2718359 1
183286 2718363 1
183021 2718365 1
180636 2718368 1
183021 2718369 1
183544 2718370 1
182346 2718372 1
183003 2718373 0
183045 2718374 1
182787 2718377 1
183426 2718379 1
183391 2718380 1
182454 2718381 1
183130 2718384 1
183045 2718385 1
183286 2718389 1
183081 2718391 1
180636 2718394 1
182787 2718395 1
182787 2718396 1
183544 2718398 0
182424 2718399 1
182796 2718400 1
183286 2718501 1
182796 2718505 1
183021 2718508 1
182372 2718509 1
182424 2718511 1
182787 2718519 1
183780 2718521 1
182997 2718522 0
182879 2718524 1
182796 2718525 1
184169 2718526 1
183081 2718527 1
182796 2718536 1
183286 2718539 1
182787 2718541 1
184169 2718542 1
183081 2718544 1
182787 2718546 1
182486 2718548 1
183347 2718549 1
182372 2718552 1
183081 2718553 1
183347 2718554 1
184022 2718555 1
184022 2718556 1
183544 2718560 1
183347 2718561 1
182787 2718563 1
183581 2718565 1
183216 2718571 1
182796 2718573 1
182516 2718576 1
182456 2718577 1
183272 2718578 1
182284 2718579 1
183462 2718580 1
183286 2718582 1
184130 2718587 1
183081 2718588 1
183963 2718592 1
183081 2718593 1
184169 2718594 1
183462 2718596 1
184022 2718599 1
183003 2718600 1
182456 2718702 1
183003 2718703 1
183391 2718705 1
182424 2718706 0
182486 2718707 1
182796 2718709 1
184169 2718712 1
183003 2718715 1
182747 2718716 1
183045 2718721 1
182787 2718723 1
182424 2718726 1
182787 2718731 1
183391 2718734 1
183544 2718735 1
183045 2718741 1
183081 2718743 1
183780 2718745 1
183426 2718746 1
183780 2718750 1
183780 2718751 1
183462 2718752 1
184022 2718759 1
184130 2718760 1
184169 2718762 1
183426 2718766 1
183544 2718768 1
182284 2718769 1
184169 2718773 1
183544 2718779 1
183003 2718780 1
183003 2718781 1
183581 2718783 1
182486 2718784 1
183407 2718786 1
180710 2718789 1
183130 2718792 1
180636 2718794 1
180636 2718796 1
183081 2718797 1
183286 2718798 1
183780 2718901 1
183054 2718905 1
183003 2718906 1
183780 2718907 1
184072 2718908 1
183407 2718912 1
180710 2718916 1
180636 2718918 1
184022 2718921 1
184130 2718923 1
182456 2718924 1
184022 2718927 1
183581 2718931 1
183347 2718932 1
180664 2718935 1
182161 2718936 1
182747 2718937 1
182516 2718939 1
184072 2718940 1
182424 2718942 1
182747 2718944 1
183130 2718945 1
180636 2718947 1
183079 2718949 1
183003 2718957 1
183780 2718959 1
184022 2718963 1
184169 2718966 1
183780 2718967 1
184022 2718970 1
183581 2718971 1
182787 2718974 1
183045 2718975 1
180710 2718978 1
182787 2718982 1
183462 2718983 1
183021 2718984 1
182796 2718985 1
183581 2718986 1
184130 2718990 1
180710 2718991 1
182372 2718995 1
183391 2718997 1
183780 2718998 1
183544 2719000 1
182787 2719006 1
180636 2719007 1
184130 2719008 1
183021 2719012 1
182726 2719013 1
184169 2719023 1
183078 2719024 1
183021 2719025 1
184130 2719029 1
183054 2719030 1
184130 2719036 1
183347 2719038 1
184169 2719042 1
182449 2719043 1
184022 2719050 1
180710 2719051 1
183780 2719052 1
183081 2719053 1
182747 2719055 1
182886 2719056 0
183347 2719057 1
183780 2719060 1
183003 2719063 1
183038 2719066 1
182796 2719067 1
184022 2719068 1
183081 2719069 1
182747 2719071 1
183081 2719072 1
183780 2719074 1
184130 2719075 1
183216 2719077 1
182456 2719078 1
183216 2719082 1
183462 2719085 1
182787 2719089 1
183426 2719090 1
180636 2719092 1
183347 2719094 1
183426 2719096 1
180710 2719099 1
182284 2719100 1
183347 1672102 1
183021 1672103 1
184130 1672104 1
183081 1672105 1
183129 1672106 1
182747 1672107 1
183347 1672109 1
183544 1672112 1
182747 1672113 1
183780 1672114 1
180710 1672120 1
184130 1672121 1
183081 1672126 1
182516 1672129 1
183081 1672135 0
184169 1672136 1
183045 1672138 1
182787 1672140 0
182787 1672142 1
184169 1672143 0
183347 1672145 1
182787 1672147 1
183130 1672148 1
183003 1672149 1
184130 1672150 1
183780 1672152 1
182424 1672155 1
184022 1672156 1
183003 1672160 1
183462 1672163 1
184130 1672165 1
184022 1672166 1
183021 1672168 1
182372 1672171 1
184130 1672172 1
183045 1672174 1
182284 1672181 1
184022 1672186 1
183780 1672189 1
183021 1672191 1
183407 1672192 1
183021 1672193 1
183272 1672195 1
183021 1672197 1
184022 1672199 1
183347 1672200 1
183347 1673403 1
183462 1673407 1
184022 1673408 1
182796 1673409 1
183081 1673415 1
183003 1673416 1
184130 1673417 1
184130 1673419 1
182456 1673420 0
180636 1673422 0
182787 1673425 1
180710 1673428 1
182516 1673430 1
182886 1673433 1
182726 1673435 1
183347 1673436 1
184022 1673437 1
183581 1673438 1
183003 1673443 1
183780 1673444 1
182886 1673445 0
183407 1673450 1
183426 1673457 1
182516 1673459 0
180710 1673460 1
183544 1673462 0
183462 1673463 1
183081 1673465 1
182787 1673470 0
182886 1673471 0
183347 1673472 0
183580 1673473 0
183426 1673477 0
183462 1673478 0
183544 1673479 0
183130 1673480 1
184022 1673483 1
180664 1673486 1
183780 1673487 1
182796 1673490 1
183426 1673491 1
184022 1673492 1
183045 1673496 1
182787 1673498 1
183391 1673499 1
183462 1673500 1
183780 1673605 1
182787 1673608 1
182787 1673609 1
182516 1673615 1
183347 1673617 1
180636 1673619 1
184169 1673620 1
182456 1673621 1
184088 1673622 0
183272 1673624 1
183003 1673626 1
184130 1673628 1
182486 1673631 1
183780 1673633 1
183462 1673634 1
184022 1673636 1
180710 1673639 1
183286 1673640 1
184130 1673641 1
184130 1673644 1
183216 1673646 1
182372 1673649 1
184022 1673651 1
180710 1673652 1
183286 1673653 1
182766 1673655 1
184130 1673658 1
184130 1673661 1
183081 1673665 1
183054 1673666 1
183127 1673667 1
183003 1673669 1
183081 1673670 1
183347 1673672 1
183544 1673675 1
182454 1673677 1
182486 1673678 1
183216 1673680 1
183426 1673684 1
183391 1673686 1
183407 1673692 1
182796 1673694 1
183426 1673695 1
184130 1673699 1
183286 1673700 1
183127 1674001 1
183003 1674003 1
183963 1674005 1
180636 1674006 1
183581 1674009 1
183780 1674016 1
184022 1674017 1
184169 1674020 1
183544 1674021 1
180636 1674022 1
182161 1674026 0
183391 1674033 1
182456 1674037 1
183391 1674038 1
183003 1674039 1
183286 1674040 1
184130 1674041 1
182456 1674044 1
182747 1674047 1
183407 1674048 1
183127 1674049 1
182787 1674050 1
183021 1674056 1
183130 1674057 1
182486 1674058 1
183462 1674061 1
182787 1674066 1
182787 1674068 1
183286 1674069 1
183462 1674071 1
183272 1674072 1
183426 1674073 1
180710 1674074 1
184088 1674079 1
182486 1674083 1
183426 1674084 1
183045 1674086 1
183347 1674087 1
183780 1674089 0
183780 1674093 1
182516 1674096 1
183286 1674097 1
184169 1674098 1
183462 1674100 1
186178 2639801 0
187552 2639802 0
187815 2639806 1
186877 2639810 0
187219 2639813 1
186965 2639814 1
187552 2639816 1
186169 2639821 1
187014 2639825 1
186877 2639826 1
186456 2639827 1
187552 2639832 1
186156 2639833 1
187815 2639834 1
186729 2639836 1
186493 2639838 1
187014 2639842 1
186965 2639845 1
186934 2639846 1
186721 2639849 1
186361 2639851 1
185998 2639852 0
186275 2639853 1
186729 2639855 1
186169 2639856 1
186877 2639858 0
186729 2639860 1
186156 2639861 1
186923 2639863 0
186156 2639867 1
186456 2639868 0
186721 2639869 1
186923 2639870 1
187501 2639871 1
186877 2639872 0
186721 2639883 0
186923 2639886 0
187014 2639887 0
186877 2639889 0
186965 2639890 0
186049 2639892 0
187014 2639893 0
187812 2639897 0
186923 2639899 0
186673 3010001 0
185747 3010006 0
186456 3010007 0
186049 3010008 0
186923 3010011 0
186156 3010012 0
187763 3010013 0
186399 3010015 0
186923 3010016 0
186493 3010017 0
187815 3010018 0
186923 3010019 0
185644 3010025 0
186275 3010026 0
186049 3010028 0
187453 3010029 0
187812 3010032 0
186934 3010033 0
186934 3010035 0
186729 3010036 0
186877 3010038 0
186217 3010040 0
186923 3010041 0
186721 3010042 0
187763 3010043 0
186934 3010046 0
186877 3010050 0
185761 3010052 0
187552 3010053 0
185761 3010056 0
186673 3010060 0
186456 3010061 0
186669 3010062 0
186179 3010070 0
187219 3010073 0
186156 3010074 0
185976 3010077 0
186049 3010087 0
186877 3010088 0
186923 3010089 0
186169 3010090 0
186729 3010094 0
187219 3010097 0
187552 3010098 0
186216 3010100 1
187219 3010101 1
187196 3010102 1
185856 3010104 0
186178 3010105 0
186965 3010106 0
186179 3010110 0
186934 3010111 0
186721 3010113 0
186729 3010116 0
187552 3010119 0
187811 3010124 0
186721 3010125 0
187014 3010126 0
186721 3010127 0
186493 3010128 0
187014 3010129 0
187763 3010131 0
187453 3010133 0
186923 3010134 0
186729 3010136 0
185731 3010137 0
187014 3010139 0
186217 3010140 0
186877 3010142 0
186923 3010143 0
185998 3010147 0
187811 3010149 0
187815 3010151 0
187552 3010153 1
187014 3010158 0
186180 3010159 0
186965 3010160 0
187196 3010164 0
186729 3010169 0
186178 3010173 0
187812 3010174 0
186934 3010181 0
186456 3010184 0
186755 3010188 0
186456 3010189 0
186923 3010190 0
187219 3010192 0
187457 3010194 0
187219 3010196 0
187763 3010202 0
186275 3010203 0
186934 3010204 0
186493 3010205 0
186456 3010209 0
187014 3010211 0
186399 3010212 0
187196 3010216 0
186965 3010217 0
186669 3010218 0
186877 3010219 0
186877 3010220 0
187812 3010221 0
186673 3010222 0
186179 3010223 0
189049 3010224 0
189049 3010225 0
191715 3010228 0
191190 3010229 0
190611 3010232 0
189965 3010233 0
190644 3010234 0
191139 3010235 0
189751 3010238 0
189425 3010240 0
189561 3010245 0
188921 3010249 0
189598 3010252 0
190046 3010255 0
190256 3010257 0
189639 3010258 0
190236 3010260 0
190618 3010262 0
190933 3010263 0
190689 3010266 0
189425 3010268 0
189242 3010269 0
190611 3010271 0
189822 3010272 0
190046 3010273 0
190120 3010274 0
189483 3010275 0
189372 3010281 0
189822 3010283 0
190343 3010284 0
190116 3010285 0
189610 3010287 0
189610 3010288 0
189561 3010290 0
191428 3010291 0
189288 3010292 0
191715 3010294 0
191715 3010296 0
190872 3010297 0
191190 3010301 0
191426 3010302 0
191190 3010309 0
190933 3010310 0
191239 3010311 0
190618 3010312 0
190046 3010313 0
191715 3010315 0
190933 3010316 0
190120 3010317 0
190611 3010321 0
191428 3010322 0
189090 3010325 0
189421 3010328 0
189719 3010329 0
190643 3010331 0
191190 3010333 0
191139 3010334 1
191933 3010335 0
190256 3010336 0
191715 3010340 0
190236 3010342 0
188951 3010343 0
190618 3010345 0
190120 3010349 0
189822 3010352 0
189421 3010356 0
188951 3010365 0
190116 3010366 0
190256 3010371 0
191933 3010375 0
189822 3010378 0
189598 3010380 0
191139 3010383 1
190872 3010385 1
189536 3010386 0
190116 3010390 0
190297 3010392 0
191513 3010393 0
190689 3010400 0
189483 3011003 0
189822 3011004 0
189184 3011009 0
191715 3011010 0
189028 3011011 0
190300 3011012 0
191426 3011013 0
191190 3011015 0
189561 3011017 0
189483 3011023 0
189751 3011029 0
189372 3011033 0
189242 3011034 0
190689 3011036 0
191190 3011038 0
189561 3011041 0
190933 3011042 0
191150 3011044 1
191239 3011049 1
189372 3011054 0
189561 3011055 0
190611 3011057 1
189242 3011058 0
191715 3011059 0
191426 3011061 0
190343 3011062 0
189242 3011063 0
189242 3011064 0
190933 3011066 0
190872 3011067 0
189822 3011068 0
190644 3011069 0
191190 3011071 0
190300 3011077 1
189483 3011085 0
189425 3011086 0
189483 3011094 0
191715 3011095 0
190975 3011096 0
191426 3011097 0
191933 3011101 1
191715 3011103 0
190120 3011104 0
191190 3011105 1
189207 3011106 0
190236 3011109 0
189836 3011112 0
191150 3011114 0
189184 3011116 0
190933 3011119 0
190116 3011120 0
191513 3011122 0
191715 3011123 0
189845 3011127 0
190256 3011130 1
191635 3011132 0
191428 3011135 0
189965 3011136 0
191517 3011137 0
189207 3011138 0
191139 3011139 0
189280 3011140 0
191513 3011141 0
191426 3011142 0
190236 3011143 0
191715 3011144 0
190975 3011145 1
190689 3011147 1
190256 3011148 1
191426 3011149 1
189561 3011155 0
191426 3011156 1
191190 3011158 0
190256 3011159 1
190236 3011160 1
189963 3011165 1
190933 3011166 1
191139 3011167 1
190256 3011168 1
189719 3011169 1
190300 3011170 1
191139 3011174 0
190236 3011178 0
191190 3011180 1
189049 3011182 1
189822 3011183 1
190236 3011191 1
189483 3011192 1
189822 3011194 1
189280 3011197 0
189288 3011199 0
189536 3011201 1
191426 3011203 0
189845 3011205 0
190644 3011206 0
190343 3011213 1
190256 3011215 1
189845 3011216 1
190975 3011219 0
191190 3011221 1
191139 3011222 1
189483 3011224 1
190300 3011225 0
191190 3011227 1
190644 3011228 0
191190 3011229 1
189483 3011230 1
189965 3011232 1
189280 3011233 0
191190 3011239 1
189822 3011240 0
191426 3011241 1
189822 3011250 0
190256 3011251 1
189280 3011256 0
189693 3011259 0
189836 3011261 1
189639 3011263 1
189875 3011264 1
190343 3011265 0
189822 3011268 0
190300 3011269 1
191139 3011271 0
190256 3011272 1
191426 3011274 1
190236 3011277 1
189280 3011280 1
189425 3011285 0
189781 3011288 0
189184 3011289 1
189965 3011292 0
189425 3011294 0
191715 3011296 1
189610 3011297 0
190611 3011300 1
191676 3011304 1
191933 3011306 1
190878 3011309 1
190644 3011310 1
191933 3011313 1
189483 3011316 1
189280 3011317 0
189822 3011321 0
190256 3011322 1
191150 3011323 1
189090 3011324 0
189965 3011325 1
191715 3011326 1
190256 3011327 1
190878 3011328 1
189421 3011330 1
189875 3011334 1
189049 3011336 1
189660 3011338 1
189845 3011339 1
189483 3011341 1
189561 3011342 0
189598 3011343 0
191239 3011347 1
190933 3011352 0
190046 3011353 1
190116 3011355 1
189639 3011357 1
189207 3011362 1
191426 3011365 1
189184 3011366 0
189822 3011372 1
190643 3011376 1
189372 3011377 1
190343 3011378 0
189561 3011379 1
191425 3011381 1
191933 3011383 1
189822 3011384 1
190300 3011386 1
190236 3011387 0
190116 3011392 0
188951 3011393 1
191139 3011395 1
190689 3011398 1
191933 1673201 1
190618 1673205 1
191235 1673207 1
190872 1673211 0
189207 1673212 0
190933 1673213 0
189610 1673215 0
191428 1673216 1
189483 1673217 0
190116 1673218 1
190618 1673222 1
190611 1673223 0
189207 1673225 1
190643 1673227 0
189822 1673228 0
191190 1673231 0
190872 1673232 1
191517 1673235 1
190975 1673237 1
190236 1673239 1
191150 1673240 0
190644 1673242 0
189598 1673245 0
190343 1673246 1
191139 1673249 1
189693 1673250 1
189372 1673251 1
191428 1673254 1
189280 1673255 0
189693 1673256 1
189483 1673261 0
191190 1673262 1
189372 1673266 1
191517 1673267 0
191139 1673268 1
190872 1673269 1
190643 1673270 1
191517 1673274 0
190618 1673275 0
189965 1673276 0
190608 1673279 1
189483 1673284 1
190975 1673285 1
190618 1673286 1
189751 1673287 1
190618 1673289 1
190872 1673290 1
190878 1673293 1
190975 1673294 1
190878 1673295 0
191190 1673299 1
180481 1319101 1
180400 1319102 0
180242 1319103 0
180242 1319104 1
180481 1319106 1
180481 1319128 1
180241 1319131 1
180400 1319134 1
180164 1319137 1
179804 1319139 0
180225 1319141 1
180144 1319142 1
180139 1319146 0
179739 1319150 1
180309 1319151 1
179939 1319152 1
180122 1319154 1
180124 1319155 1
180225 1319158 1
180241 1319160 1
180242 1319163 0
180164 1319169 1
180122 1319170 1
180164 1319171 1
180164 1319175 1
179804 1319179 1
180241 1319181 1
180400 1319182 1
179804 1319184 1
180164 1319188 1
179804 1319189 0
179939 1319192 1
180164 1319193 0
180242 1319196 0
180481 1319197 1
179739 1319198 1
180481 1319199 1
180400 1319200 1
180164 1319401 1
180481 1319402 1
180149 1319404 1
180122 1319411 1
179725 1319412 1
180164 1319416 1
180153 1319420 1
180139 1319422 1
180139 1319423 1
180225 1319425 1
180225 1319426 1
180309 1319429 1
180153 1319430 1
180164 1319432 1
180309 1319435 1
180164 1319436 1
180144 1319439 1
180481 1319440 1
180124 1319441 1
179739 1319443 1
179739 1319445 1
180122 1319448 1
180122 1319449 1
180481 1319450 1
180164 1319452 1
180481 1319454 1
180225 1319455 1
180139 1319457 1
182456 1319462 1
182516 1319464 1
183081 1319467 1
182518 1319468 1
183581 1319469 1
182284 1319474 1
182486 1319475 1
183045 1319481 1
183780 1319483 1
184022 1319484 1
182449 1319490 1
182747 1319491 1
183780 1319497 1
183780 1319498 1
183054 1319500 1
184169 1319701 1
182516 1319704 1
182450 1319705 1
183081 1319709 1
183003 1319710 1
183780 1319712 1
183003 1319715 1
183963 1319717 1
183272 1319718 1
182516 1319723 1
184169 1319724 1
184022 1319725 1
182424 1319727 1
180636 1319729 1
182747 1319730 1
182284 1319731 1
183347 1319734 1
182787 1319735 1
183462 1319736 1
182787 1319744 1
182787 1319746 1
182424 1319749 1
183130 1319751 1
182766 1319753 1
183462 1319755 1
184088 1319757 1
183216 1319763 1
183286 1319764 1
182796 1319765 1
183216 1319766 1
183286 1319768 1
183081 1319774 1
180636 1319777 1
182449 1319780 1
184169 1319784 1
183780 1319785 1
184022 1319786 1
183127 1319791 1
184169 1319792 1
180614 1319795 1
182284 1319796 1
182450 1319797 1
183347 1319800 1
184169 1306003 1
183544 1306004 1
184022 1306005 1
182787 1306006 1
182424 1306007 1
183391 1306009 1
180710 1306011 1
184022 1306016 1
183216 1306020 1
184022 1306023 1
182424 1306025 1
184022 1306026 1
183780 1306028 1
183216 1306033 1
184022 1306034 1
183780 1306036 1
184169 1306037 1
183081 1306039 1
183462 1306041 1
182747 1306042 1
183581 1306043 1
183021 1306044 1
182879 1306045 1
183780 1306047 1
183391 1306049 1
183462 1306052 0
180636 1306053 1
183081 1306054 1
182787 1306055 1
182787 1306056 1
183127 1306058 1
183054 1306062 1
183003 1306064 1
183021 1306065 1
182486 1306066 1
183081 1306068 1
184169 1306071 0
183216 1306075 0
182747 1306078 1
183780 1306079 1
184169 1306080 1
182486 1306088 1
183780 1306092 1
182486 1306094 1
183347 1306095 1
183391 1306096 1
182796 1306099 1
182284 1306100 1
183462 1324901 1
182284 1324904 1
182787 1324906 1
183129 1324908 1
183347 1324910 1
183426 1324911 1
183286 1324912 1
184130 1324915 1
184022 1324916 1
183462 1324918 1
183780 1324922 1
183426 1324924 1
182455 1324925 1
182747 1324927 1
182747 1324928 1
182456 1324930 1
182787 1324932 1
183347 1324935 1
183216 1324937 1
180710 1324938 1
183216 1324939 1
182747 1324943 1
182787 1324944 1
183780 1324945 1
183780 1324948 1
183021 1324951 1
183544 1324955 1
182747 1324956 1
184169 1324960 1
183130 1324962 1
183780 1324964 1
183038 1324965 1
182284 1324966 1
182796 1324968 0
183347 1324969 1
182424 1324971 1
184169 1324973 1
183544 1324975 1
183021 1324976 1
184130 1324977 1
182424 1324978 1
182747 1324983 1
183780 1324986 1
183426 1324987 1
183130 1324988 1
183462 1324990 1
183216 1324992 1
184072 1324994 1
183129 1324997 0
184130 1324998 1
182787 1324999 1
182486 1256802 1
182486 1256805 1
183272 1256807 1
182516 1256808 1
183780 1256809 1
183407 1256810 1
182161 1256814 1
183426 1256815 1
183003 1256817 1
180636 1256818 1
180664 1256820 1
183347 1256821 1
183003 1256824 1
184169 1256826 1
183021 1256829 1
182787 1256834 1
183780 1256837 1
183130 1256838 1
183581 1256839 1
183462 1256842 1
183426 1256843 1
183581 1256846 1
184022 1256848 1
182456 1256850 1
183129 1256856 1
183127 1256857 1
182796 1256858 1
183272 1256860 1
184130 1256861 1
183216 1256864 1
184066 1256865 1
184169 1256868 1
180636 1256870 1
184022 1256872 1
183021 1256873 1
183581 1256875 1
183581 1256877 1
182372 1256879 0
180636 1256884 1
180636 1256885 1
183286 1256887 1
184130 1256890 1
184022 1256894 1
182997 1328101 1
184169 1328105 1
182424 1328106 1
180636 1328111 1
184088 1328115 1
183407 1328119 1
183462 1328121 1
183272 1328122 1
182747 1328129 1
183780 1328130 1
183081 1328132 1
184130 1328133 1
183391 1328134 1
183347 1328137 1
183544 1328142 1
182161 1328152 1
182787 1328154 1
183081 1328155 1
183347 1328156 1
184130 1328157 1
183581 1328158 1
182486 1328162 1
183216 1328166 1
183021 1328172 1
182747 1328175 1
183462 1328177 1
182796 1328178 1
183462 1328179 1
183407 1328180 1
183407 1328181 1
182486 1328183 1
183081 1328185 1
184022 1328186 1
184022 1328187 1
183780 1328188 1
183127 1328192 1
184130 1328193 1
184022 1328194 1
183780 1328196 1
183780 1328197 1
180636 1546901 1
183081 1546906 1
184130 1546907 1
183391 1546909 1
183216 1546910 1
184130 1546912 1
183780 1546913 1
183003 1546914 1
183272 1546917 1
183780 1546921 1
183462 1546922 0
182284 1546925 1
183081 1546928 1
182456 1546931 1
183780 1546936 1
183780 1546937 1
183127 1546939 1
182796 1546940 1
182787 1546942 1
183081 1546946 1
183216 1546947 0
183347 1546948 1
183544 1546950 1
184022 1546952 1
183129 1546956 1
183780 1546957 1
183581 1546958 1
182372 1546960 1
184022 1546964 1
184130 1546966 0
180636 1546967 0
182766 1546969 0
184169 1546973 0
180636 1546979 0
183045 1546980 1
182886 1546981 1
182346 1546982 1
183272 1546984 1
182516 1546986 1
183544 1546987 1
182486 1546990 1
184130 1546991 1
183347 1546992 1
183391 1546995 1
182284 1546998 1
183963 1547000 1
184022 3451801 1
184130 3451806 1
183003 3451808 1
182796 3451812 1
180710 3451814 1
183045 3451815 1
183581 3451821 1
182519 3451822 1
183780 3451823 1
183544 3451824 1
183054 3451827 1
182284 3451828 1
180636 3451830 1
183426 3451836 1
183021 3451838 1
183081 3451842 1
183780 3451846 1
183129 3451847 1
183544 3451854 0
183426 3451855 1
183021 3451856 1
183462 3451859 1
182518 3451861 1
180636 3451866 1
183045 3451867 1
183544 3451869 1
180636 3451870 1
183347 3451871 1
182747 3451872 1
183391 3451874 1
182486 3451876 1
182284 3451878 1
184130 3451880 1
184130 3451882 1
184022 3451885 1
183021 3451887 1
183581 3451890 1
183216 3451892 1
182997 3451893 1
182747 3451895 1
183426 3733002 1
180636 3733004 1
184169 3733005 1
182516 3733006 1
183130 3733007 1
180636 3733008 1
182284 3733013 1
182486 3733016 1
183462 3733018 1
182372 3733019 1
184169 3733026 1
184022 3733027 1
183391 3733029 1
184169 3733031 1
183021 3733032 1
183286 3733034 1
184022 3733038 1
180636 3733039 1
183054 3733040 1
183003 3733042 1
183780 3733044 1
180614 3733046 1
183216 3733047 1
183780 3733049 1
182796 3733051 1
184130 3733054 1
182787 3733060 1
183347 3733061 1
182747 3733066 1
183426 3733068 1
182747 3733070 1
184088 3733073 1
183581 3733074 1
183127 3733075 1
182787 3733079 1
183544 3733081 1
183544 3733082 1
180664 3733083 1
182456 3733084 1
183081 3733085 1
182766 3733086 1
184169 3733087 1
183426 3733091 0
183426 3733093 1
184066 3733094 1
182796 3733095 1
184130 3733096 0
183054 3733097 1
184088 3733099 1
184169 3733100 1
182456 1145301 1
183216 1145303 1
182787 1145305 1
183021 1145306 1
184130 1145307 1
183003 1145308 1
183130 1145309 1
182454 1145311 1
183127 1145312 1
183544 1145315 1
182284 1145321 1
183078 1145324 1
182456 1145325 1
182456 1145326 1
183045 1145329 1
183129 1145330 1
184169 1145331 1
186399 1145335 0
187453 1145338 0
186456 1145341 0
186923 1145344 0
186169 1145348 0
186729 1145349 0
187501 1145350 0
186965 1145351 0
186156 1145353 0
187453 1145354 0
186877 1145358 0
185761 1145359 0
186965 1145360 0
186493 1145364 0
187543 1145365 0
186877 1145370 0
187812 1145371 0
186156 1145374 0
186456 1145378 0
187014 1145379 0
186049 1145381 0
186156 1145382 0
186877 1145384 0
186729 1145387 0
186877 1145390 0
186493 1145392 0
186275 1145395 0
186049 1145397 0
186965 1145398 1
186965 1318701 0
186877 1318703 0
186673 1318704 0
187219 1318705 0
187219 1318710 1
186729 1318711 0
186216 1318714 0
186933 1318715 0
186516 1318717 1
187763 1318718 0
187763 1318719 0
186721 1318720 1
186965 1318722 0
186933 1318723 0
186216 1318724 0
186965 1318725 0
186877 1318730 0
186729 1318731 0
187014 1318733 0
187811 1318739 1
186965 1318743 1
187014 1318744 1
186673 1318755 1
185649 1318756 1
187763 1318758 1
186729 1318759 0
187815 1318760 1
186216 1318762 1
186878 1318763 0
186275 1318765 1
185761 1318769 1
186169 1318771 1
186923 1318772 0
186180 1318773 1
186877 1318776 1
186673 1318783 1
186877 1318787 1
187763 1318788 1
185731 1318789 1
187812 1318790 1
186965 1318791 1
186049 1318792 0
187219 1318795 1
186877 1318797 1
186361 1318800 1
186965 1855602 1
187812 1855606 1
187453 1855609 1
186877 1855610 1
186156 1855612 1
186923 1855615 0
186493 1855618 1
187815 1855619 0
187763 1855620 0
186877 1855621 0
186923 1855623 0
187014 1855626 0
187763 1855627 0
186729 1855628 0
186877 1855629 0
186669 1855630 0
186516 1855632 0
187812 1855633 1
187196 1855638 0
186923 1855646 0
186729 1855649 0
185731 1855651 0
186533 1855652 0
187552 1855654 0
186156 1855656 1
185761 1855657 0
187815 1855664 0
186049 1855665 0
186533 1855667 0
186729 1855670 0
186216 1855671 0
187219 1855679 0
186456 1855680 0
186673 1855682 0
186877 1855687 0
186729 1855688 0
186721 1855689 0
186965 1855691 0
186753 1855692 0
187014 1855696 0
186669 1855700 0
186755 1874901 0
186721 1874904 0
186878 1874907 1
186729 1874908 0
186877 1874911 0
186965 1874912 0
186965 1874917 0
186721 1874918 1
185761 1874920 0
187219 1874921 0
187457 1874923 0
186673 1874924 0
186877 1874930 0
187811 1874931 0
186923 1874935 0
186923 1874937 0
186493 1874938 0
185761 1874939 1
186965 1874944 0
187014 1874947 0
186965 1874950 0
186729 1874951 0
186156 1874954 0
186877 1874955 0
186877 1874957 0
186934 1874959 0
187812 1874962 0
187763 1874963 0
187219 1874964 1
186965 1874966 0
186729 1874971 0
187219 1874975 0
186673 1874977 0
186669 1874983 0
186729 1874987 1
186721 1874988 0
186923 1874989 0
186169 1874993 0
186217 1874994 0
186361 1874995 0
186493 1874997 0
186923 1874998 0
187812 1320005 0
186275 1320007 0
186673 1320010 1
187014 1320021 0
186934 1320022 0
186456 1320025 0
186753 1320029 0
186532 1320031 0
186180 1320035 0
185761 1320036 0
187552 1320037 0
186049 1320043 0
186923 1320044 0
186721 1320046 0
186965 1320054 0
187552 1320056 0
186669 1320058 0
186216 1320059 0
186673 1320063 0
186180 1320067 0
186673 1320071 0
186532 1320076 0
187501 1320079 0
187763 1320084 0
186493 1320088 0
186216 1320090 0
186179 1320091 0
186965 1320092 0
186729 1320097 0
186923 1320098 0
186673 1320099 0
187219 1320103 0
186729 1320104 0
186877 1320108 0
187763 1320111 0
186156 1320113 0
186729 1320114 0
186156 1320116 0
186965 1320120 0
186729 1320121 0
187811 1320123 0
186669 1320128 0
186923 1320129 0
186456 1320131 0
186179 1320133 0
186729 1320134 0
186877 1320136 0
187014 1320137 0
187812 1320138 0
186456 1320139 0
186456 1320140 0
186156 1320141 0
186673 1320142 0
186516 1320143 0
186669 1320147 0
185649 1320148 0
186216 1320152 0
186729 1320154 0
186275 1320156 0
186934 1320158 0
186275 1320159 0
186965 1320161 0
186934 1320163 0
186456 1320165 0
186673 1320167 0
186533 1320169 0
186965 1320171 0
186753 1320172 0
187501 1320176 0
186169 1320177 0
187219 1320178 0
187219 1320179 0
186216 1320181 0
186156 1320182 0
187014 1320183 0
187815 1320185 0
186877 1320186 0
186493 1320187 0
186965 1320190 0
186399 1320192 0
187763 1320194 1
187219 1320199 0
186156 1320901 0
186965 1320902 0
187457 1320903 0
187543 1320906 0
186877 1320907 0
186216 1320908 0
186923 1320910 0
187552 1320911 0
186729 1320912 0
187219 1320914 0
186456 1320919 0
187763 1320920 0
186729 1320921 0
187219 1320922 0
186169 1320923 0
187014 1320925 0
186399 1320927 0
186729 1320928 0
186923 1320931 0
186934 1320933 0
186729 1320937 0
186217 1320938 0
187552 1320940 0
187219 1320942 0
187457 1320947 0
186923 1320950 0
186179 1320951 0
186216 1320954 0
187815 1320955 0
186877 1320956 0
187219 1320957 0
186729 1320966 0
186877 1320967 0
186721 1320969 0
186361 1320972 0
187763 1320974 0
186753 1320978 0
186877 1320980 0
186923 1320981 0
186533 1320983 0
186923 1320984 0
186965 1320989 0
187219 1320990 0
186965 1320991 0
186673 1321000 0
186533 1255405 0
187815 1255406 0
187014 1255407 0
186878 1255408 0
187014 1255409 0
187763 1255410 0
186275 1255411 0
186934 1255412 0
186721 1255414 0
186456 1255417 0
186179 1255418 0
186965 1255421 1
186923 1255422 0
186399 1255423 0
186877 1255424 0
186729 1255426 0
187219 1255427 0
187014 1255428 0
186923 1255429 0
187811 1255431 0
186169 1255433 0
187501 1255434 0
187457 1255435 0
186049 1255436 0
187453 1255440 0
186923 1255443 0
186673 1255446 0
185998 1255447 1
187815 1255449 0
186156 1255451 0
186673 1255454 0
186179 1255455 1
186965 1255458 0
186965 1255462 0
187457 1255466 1
187457 1255470 0
186934 1255471 0
186755 1255472 0
186923 1255478 0
187815 1255480 0
186729 1255483 0
187453 1255484 0
187552 1255488 0
187552 1255490 0
186923 1255492 0
185761 1255496 1
187812 1255497 0
186169 1255498 0
185747 1257104 0
187219 1257106 0
187219 1257108 0
186275 1257110 0
186965 1257111 0
186669 1257113 0
186156 1257114 0
186877 1257122 0
185649 1257123 0
187453 1257124 0
186923 1257125 1
186721 1257126 0
186923 1257127 0
187219 1257128 0
185856 1257135 0
186673 1257137 1
187219 1257140 0
187815 1257141 0
186923 1257142 0
186729 1257144 1
186169 1257145 0
186169 1257150 0
185649 1257151 0
186923 1257153 0
186965 1257156 0
187815 1257157 0
186516 1257158 1
186361 1257160 0
186216 1257165 0
186178 1257168 0
186753 1257169 0
186753 1257170 0
186533 1257171 0
187763 1257176 0
187811 1257178 0
186673 1257180 0
186965 1257184 0
186156 1257185 0
186456 1257186 0
187196 1257188 0
187811 1257190 0
187811 1257192 1
186169 1257193 0
186456 1257196 0
187453 1257198 0
186934 3252303 0
186729 3252307 0
186729 3252308 0
186877 3252311 0
187815 3252312 0
186169 3252313 0
187219 3252315 0
186923 3252317 0
186729 3252319 0
186934 3252320 0
186729 3252322 0
186169 3252327 1
186729 3252328 0
186923 3252329 0
187457 3252333 0
186923 3252334 0
186923 3252337 0
186923 3252339 0
187014 3252341 0
186361 3252346 0
186729 3252347 0
187453 3252348 0
186721 3252349 1
186493 3252353 1
186216 3252354 1
187552 3252355 0
186934 3252356 1
186729 3252357 1
186049 3252358 1
186965 3252361 1
186721 3252368 1
187763 3252372 0
186877 3252373 1
186673 3252376 1
186156 3252380 1
186877 3252383 1
186923 3252384 1
186923 3252387 0
187014 3252388 1
187219 3252390 1
186179 3252392 1
186923 3252393 1
186877 3252394 1
186965 3252395 1
187815 3252396 1
186923 3252397 1
187763 3252398 0
186923 3252400 0
